"","ITBO062202","GRTH052302","ITSA052303","CZKA052301","ITMA052208","HUMV062350","HUSZ062201","ITSA052302","PLRA082254","GRTH052303","ITBA022201","ITMA052213","ITBA022222","ITMA052201","ITBO062201","ITBA022210","ITLE042301","ITBA022213","ITBA022218","ITBA062301","ESAN032208","PTOD042301","ESCT062211","ESCT052302","ESCT062217","ESCT062219","ESMD052202","ESCT052202","ESMD052201","ESCT062216","ESCT062224","ESCT062226","ESMA052301","ESCT062221","ESCT052307","ESCT052309","ESCT052207","ESMA052302","ESCT062210","ESSA052201","ESSA062301","ESSA052202","ESAN032210","ESAN032214","ESAN032203","ESAN032205","ESAN032212","ESAN032201","ESAN032215","ESAN032226","ESAN042318","ESAN042303","ESAN032216","ESAN032227","ESAN032222","ESAN032225","ESAN032219","ESAN042315","ESAN042310"
"ITBO062202",0,949.488970355703,192.507607793405,452.251871365991,155.746998724511,569.525779518225,548.117054300352,192.507607793405,679.677891448216,948.173800696463,446.556567490844,160.362606261296,446.556567490844,155.746998724511,0,446.556567490844,545.365946167743,446.556567490844,446.556567490844,446.599856690685,1456.97963594625,1659.4254070869,891.511424153268,891.511424153268,891.511424153268,891.511424153268,1250.1564376862,891.511424153268,1239.47569266713,891.511424153268,891.511424153268,891.511424153268,728.847150371033,891.511424153268,891.511424153268,891.511424153268,797.422858579922,728.847150371033,891.511424153268,1363.7622519703,1369.96191209768,1363.7622519703,1456.97963594625,1385.24589117673,1456.97963594625,1456.97963594625,1385.24589117673,1456.97963594625,1385.24589117673,1491.61287528411,1491.53221047679,1356.01438037752,1385.24589117673,1491.61287528411,1491.61287528411,1491.61287528411,1385.24589117673,1491.53221047679,1356.01438037752
"GRTH052302",949.488970355703,0,1186.02660650266,443.741414244938,798.552031709844,338.394474124314,359.443757313658,1186.02660650266,182.950370148099,1.37242777100736,514.950356193625,793.795006548224,514.950356193625,798.552031709844,949.488970355703,514.950356193625,421.341849638151,514.950356193625,514.950356193625,514.907124539398,2502.73418278436,2709.33887990304,1891.17280802526,1891.17280802526,1891.17280802526,1891.17280802526,2269.90388716178,1891.17280802526,2258.84901980684,1891.17280802526,1891.17280802526,1891.17280802526,1737.22827053045,1891.17280802526,1891.17280802526,1891.17280802526,1791.98765614644,1737.22827053045,1891.17280802526,2383.48197701293,2390.08911453596,2383.48197701293,2502.73418278436,2427.6825207052,2502.73418278436,2502.73418278436,2427.6825207052,2502.73418278436,2427.6825207052,2537.74781378278,2537.67171403761,2396.04481447904,2427.6825207052,2537.74781378278,2537.74781378278,2537.74781378278,2427.6825207052,2537.67171403761,2396.04481447904
"ITSA052303",192.507607793405,1186.02660650266,0,658.643628953871,356.7908338447,783.581840804364,761.051303847968,0,893.752109941372,1184.66024183806,662.350166904646,361.602756544544,662.350166904646,356.7908338447,192.507607793405,662.350166904646,766.319280008163,662.350166904646,662.350166904646,662.395422477786,1309.14225742367,1520.02452851298,731.238798548059,731.238798548059,731.238798548059,731.238798548059,1101.52295740376,731.238798548059,1090.42834168418,731.238798548059,731.238798548059,731.238798548059,557.91340462398,731.238798548059,731.238798548059,731.238798548059,633.910202137516,557.91340462398,731.238798548059,1221.0155691715,1227.38714247818,1221.0155691715,1309.14225742367,1235.13126392438,1309.14225742367,1309.14225742367,1235.13126392438,1309.14225742367,1235.13126392438,1345.33906525064,1345.25264177165,1205.35308284275,1235.13126392438,1345.33906525064,1345.33906525064,1345.33906525064,1235.13126392438,1345.25264177165,1205.35308284275
"CZKA052301",452.251871365991,443.741414244938,658.643628953871,0,308.366747926108,104.267881723841,84.3290244622699,658.643628953871,228.605924751331,442.470316380334,37.7611418521567,303.944682825583,37.7611418521567,308.366747926108,452.251871365991,37.7611418521567,53.108654385287,37.7611418521567,37.7611418521567,37.7202637114168,1885.21204564595,2078.70375087368,1320.43138031986,1320.43138031986,1320.43138031986,1320.43138031986,1671.23623428591,1320.43138031986,1660.9406560119,1320.43138031986,1320.43138031986,1320.43138031986,1173.43599923748,1320.43138031986,1320.43138031986,1320.43138031986,1228.67657378256,1173.43599923748,1320.43138031986,1777.6989294645,1783.81705777634,1777.6989294645,1885.21204564595,1815.20925896625,1885.21204564595,1885.21204564595,1815.20925896625,1885.21204564595,1815.20925896625,1918.06346780165,1917.99122885441,1785.8896303482,1815.20925896625,1918.06346780165,1918.06346780165,1918.06346780165,1815.20925896625,1917.99122885441,1785.8896303482
"ITMA052208",155.746998724511,798.552031709844,356.7908338447,308.366747926108,0,424.173001339822,402.711220462229,356.7908338447,543.072710043623,797.220174501656,291.023934388594,4.66442903620014,291.023934388594,0,155.746998724511,291.023934388594,389.389255239703,291.023934388594,291.023934388594,291.067427273802,1636.28433583292,1840.45743048877,1060.50063178328,1060.50063178328,1060.50063178328,1060.50063178328,1424.31479275977,1060.50063178328,1413.51628992816,1060.50063178328,1060.50063178328,1060.50063178328,898.368591670862,1060.50063178328,1060.50063178328,1060.50063178328,965.06978018945,898.368591670862,1060.50063178328,1538.55567170534,1544.8532378361,1538.55567170534,1636.28433583292,1563.65686472374,1636.28433583292,1636.28433583292,1563.65686472374,1636.28433583292,1563.65686472374,1671.16170696097,1671.08130479095,1533.89747450311,1563.65686472374,1671.16170696097,1671.16170696097,1671.16170696097,1563.65686472374,1671.08130479095,1533.89747450311
"HUMV062350",569.525779518225,338.394474124314,783.581840804364,104.267881723841,424.173001339822,0,20.1788380944064,783.581840804364,132.157824520345,337.099577634588,150.822576656517,419.673355953713,150.822576656517,424.173001339822,569.525779518225,150.822576656517,59.4503585625489,150.822576656517,150.822576656517,150.781174743028,2031.40860412807,2227.91226400781,1455.15109696883,1455.15109696883,1455.15109696883,1455.15109696883,1812.62321960395,1455.15109696883,1802.15029328692,1455.15109696883,1455.15109696883,1455.15109696883,1306.81142145145,1455.15109696883,1455.15109696883,1455.15109696883,1361.62964149159,1306.81142145145,1455.15109696883,1920.66388282805,1926.90015497252,1920.66388282805,2031.40860412807,1960.20416366805,2031.40860412807,2031.40860412807,1960.20416366805,2031.40860412807,1960.20416366805,2064.74927238167,2064.67628813694,1930.31155865838,1960.20416366805,2064.74927238167,2064.74927238167,2064.74927238167,1960.20416366805,2064.67628813694,1930.31155865838
"HUSZ062201",548.117054300352,359.443757313658,761.051303847968,84.3290244622699,402.711220462229,20.1788380944064,0,761.051303847968,151.190689304785,358.150735580872,129.29774500692,398.216767704999,129.29774500692,402.711220462229,548.117054300352,129.29774500692,37.8355011912854,129.29774500692,129.29774500692,129.256357713589,2007.17824463179,2203.50711319616,1432.20256256075,1432.20256256075,1432.20256256075,1432.20256256075,1789.06681626966,1432.20256256075,1778.60680578829,1432.20256256075,1432.20256256075,1432.20256256075,1283.72594101956,1432.20256256075,1432.20256256075,1432.20256256075,1338.83749966958,1283.72594101956,1432.20256256075,1897.06091318528,1903.28536063701,1897.06091318528,2007.17824463179,1936.07742120354,2007.17824463179,2007.17824463179,1936.07742120354,2007.17824463179,1936.07742120354,2040.49654719351,2040.42349192742,1906.25104007239,1936.07742120354,2040.49654719351,2040.49654719351,2040.49654719351,1936.07742120354,2040.42349192742,1906.25104007239
"ITSA052302",192.507607793405,1186.02660650266,0,658.643628953871,356.7908338447,783.581840804364,761.051303847968,0,893.752109941372,1184.66024183806,662.350166904646,361.602756544544,662.350166904646,356.7908338447,192.507607793405,662.350166904646,766.319280008163,662.350166904646,662.350166904646,662.395422477786,1309.14225742367,1520.02452851298,731.238798548059,731.238798548059,731.238798548059,731.238798548059,1101.52295740376,731.238798548059,1090.42834168418,731.238798548059,731.238798548059,731.238798548059,557.91340462398,731.238798548059,731.238798548059,731.238798548059,633.910202137516,557.91340462398,731.238798548059,1221.0155691715,1227.38714247818,1221.0155691715,1309.14225742367,1235.13126392438,1309.14225742367,1309.14225742367,1235.13126392438,1309.14225742367,1235.13126392438,1345.33906525064,1345.25264177165,1205.35308284275,1235.13126392438,1345.33906525064,1345.33906525064,1345.33906525064,1235.13126392438,1345.25264177165,1205.35308284275
"PLRA082254",679.677891448216,182.950370148099,893.752109941372,228.605924751331,543.072710043623,132.157824520345,151.190689304785,893.752109941372,0,181.70799619118,284.912957906905,538.77431496696,284.912957906905,543.072710043623,679.677891448216,284.912957906905,198.89321666862,284.912957906905,284.912957906905,284.873583932883,2095.47254143,2283.28079626528,1532.19904731961,1532.19904731961,1532.19904731961,1532.19904731961,1877.65305509235,1532.19904731961,1867.60613806142,1532.19904731961,1532.19904731961,1532.19904731961,1394.76622228844,1532.19904731961,1532.19904731961,1532.19904731961,1442.01484336393,1394.76622228844,1532.19904731961,1979.66984720766,1985.72754270025,1979.66984720766,2095.47254143,2026.62799250545,2095.47254143,2095.47254143,2026.62799250545,2095.47254143,2026.62799250545,2127.20342382306,2127.13633238542,1997.31007853287,2026.62799250545,2127.20342382306,2127.20342382306,2127.20342382306,2026.62799250545,2127.13633238542,1997.31007853287
"GRTH052303",948.173800696463,1.37242777100736,1184.66024183806,442.470316380334,797.220174501656,337.099577634588,358.150735580872,1184.66024183806,181.70799619118,0,513.590935929275,792.463058445873,513.590935929275,797.220174501656,948.173800696463,513.590935929275,419.96966685418,513.590935929275,513.590935929275,513.547701650197,2501.36515584835,2707.97599364777,1889.84123602384,1889.84123602384,1889.84123602384,1889.84123602384,2268.5640941434,1889.84123602384,2257.50912354714,1889.84123602384,1889.84123602384,1889.84123602384,1735.87268558834,1889.84123602384,1889.84123602384,1889.84123602384,1790.65779633294,1735.87268558834,1889.84123602384,2382.1498749664,2388.75676217453,2382.1498749664,2501.36515584835,2426.3143925687,2501.36515584835,2501.36515584835,2426.3143925687,2501.36515584835,2426.3143925687,2536.38037954709,2536.30426698877,2394.67877637791,2426.3143925687,2536.38037954709,2536.38037954709,2536.38037954709,2426.3143925687,2536.30426698877,2394.67877637791
"ITBA022201",446.556567490844,514.950356193625,662.350166904646,37.7611418521567,291.023934388594,150.822576656517,129.29774500692,662.350166904646,284.912957906905,513.590935929275,0,286.279983680469,0,291.023934388594,446.556567490844,0,97.4680212803496,0,0,0.0437955651261876,1966.65094082708,2173.59884193358,1373.39693496059,1373.39693496059,1373.39693496059,1373.39693496059,1745.84434064638,1373.39693496059,1734.85275694805,1373.39693496059,1373.39693496059,1373.39693496059,1212.43872556794,1373.39693496059,1373.39693496059,1373.39693496059,1275.72837692632,1212.43872556794,1373.39693496059,1861.04037400176,1867.50255462194,1861.04037400176,1966.65094082708,1892.53968910294,1966.65094082708,1966.65094082708,1892.53968910294,1966.65094082708,1892.53968910294,2001.91190685476,2001.83208875848,1861.88529570083,1892.53968910294,2001.91190685476,2001.91190685476,2001.91190685476,1892.53968910294,2001.83208875848,1861.88529570083
"ITMA052213",160.362606261296,793.795006548224,361.602756544544,303.944682825583,4.66442903620014,419.673355953713,398.216767704999,361.602756544544,538.77431496696,792.463058445873,286.279983680469,0,286.279983680469,4.66442903620014,160.362606261296,286.279983680469,384.605502796296,286.279983680469,286.279983680469,286.323469987701,1641.18573328708,1845.35024085913,1065.23633370917,1065.23633370917,1065.23633370917,1065.23633370917,1429.1026673115,1065.23633370917,1418.30382597321,1065.23633370917,1065.23633370917,1065.23633370917,903.177453009204,1065.23633370917,1065.23633370917,1065.23633370917,969.793168014031,903.177453009204,1065.23633370917,1543.32450503817,1549.62333582074,1543.32450503817,1641.18573328708,1568.55077476067,1641.18573328708,1641.18573328708,1568.55077476067,1641.18573328708,1568.55077476067,1676.05976897732,1675.97940573861,1538.78239798184,1568.55077476067,1676.05976897732,1676.05976897732,1676.05976897732,1568.55077476067,1675.97940573861,1538.78239798184
"ITBA022222",446.556567490844,514.950356193625,662.350166904646,37.7611418521567,291.023934388594,150.822576656517,129.29774500692,662.350166904646,284.912957906905,513.590935929275,0,286.279983680469,0,291.023934388594,446.556567490844,0,97.4680212803496,0,0,0.0437955651261876,1966.65094082708,2173.59884193358,1373.39693496059,1373.39693496059,1373.39693496059,1373.39693496059,1745.84434064638,1373.39693496059,1734.85275694805,1373.39693496059,1373.39693496059,1373.39693496059,1212.43872556794,1373.39693496059,1373.39693496059,1373.39693496059,1275.72837692632,1212.43872556794,1373.39693496059,1861.04037400176,1867.50255462194,1861.04037400176,1966.65094082708,1892.53968910294,1966.65094082708,1966.65094082708,1892.53968910294,1966.65094082708,1892.53968910294,2001.91190685476,2001.83208875848,1861.88529570083,1892.53968910294,2001.91190685476,2001.91190685476,2001.91190685476,1892.53968910294,2001.83208875848,1861.88529570083
"ITMA052201",155.746998724511,798.552031709844,356.7908338447,308.366747926108,0,424.173001339822,402.711220462229,356.7908338447,543.072710043623,797.220174501656,291.023934388594,4.66442903620014,291.023934388594,0,155.746998724511,291.023934388594,389.389255239703,291.023934388594,291.023934388594,291.067427273802,1636.28433583292,1840.45743048877,1060.50063178328,1060.50063178328,1060.50063178328,1060.50063178328,1424.31479275977,1060.50063178328,1413.51628992816,1060.50063178328,1060.50063178328,1060.50063178328,898.368591670862,1060.50063178328,1060.50063178328,1060.50063178328,965.06978018945,898.368591670862,1060.50063178328,1538.55567170534,1544.8532378361,1538.55567170534,1636.28433583292,1563.65686472374,1636.28433583292,1636.28433583292,1563.65686472374,1636.28433583292,1563.65686472374,1671.16170696097,1671.08130479095,1533.89747450311,1563.65686472374,1671.16170696097,1671.16170696097,1671.16170696097,1563.65686472374,1671.08130479095,1533.89747450311
"ITBO062201",0,949.488970355703,192.507607793405,452.251871365991,155.746998724511,569.525779518225,548.117054300352,192.507607793405,679.677891448216,948.173800696463,446.556567490844,160.362606261296,446.556567490844,155.746998724511,0,446.556567490844,545.365946167743,446.556567490844,446.556567490844,446.599856690685,1456.97963594625,1659.4254070869,891.511424153268,891.511424153268,891.511424153268,891.511424153268,1250.1564376862,891.511424153268,1239.47569266713,891.511424153268,891.511424153268,891.511424153268,728.847150371033,891.511424153268,891.511424153268,891.511424153268,797.422858579922,728.847150371033,891.511424153268,1363.7622519703,1369.96191209768,1363.7622519703,1456.97963594625,1385.24589117673,1456.97963594625,1456.97963594625,1385.24589117673,1456.97963594625,1385.24589117673,1491.61287528411,1491.53221047679,1356.01438037752,1385.24589117673,1491.61287528411,1491.61287528411,1491.61287528411,1385.24589117673,1491.53221047679,1356.01438037752
"ITBA022210",446.556567490844,514.950356193625,662.350166904646,37.7611418521567,291.023934388594,150.822576656517,129.29774500692,662.350166904646,284.912957906905,513.590935929275,0,286.279983680469,0,291.023934388594,446.556567490844,0,97.4680212803496,0,0,0.0437955651261876,1966.65094082708,2173.59884193358,1373.39693496059,1373.39693496059,1373.39693496059,1373.39693496059,1745.84434064638,1373.39693496059,1734.85275694805,1373.39693496059,1373.39693496059,1373.39693496059,1212.43872556794,1373.39693496059,1373.39693496059,1373.39693496059,1275.72837692632,1212.43872556794,1373.39693496059,1861.04037400176,1867.50255462194,1861.04037400176,1966.65094082708,1892.53968910294,1966.65094082708,1966.65094082708,1892.53968910294,1966.65094082708,1892.53968910294,2001.91190685476,2001.83208875848,1861.88529570083,1892.53968910294,2001.91190685476,2001.91190685476,2001.91190685476,1892.53968910294,2001.83208875848,1861.88529570083
"ITLE042301",545.365946167743,421.341849638151,766.319280008163,53.108654385287,389.389255239703,59.4503585625489,37.8355011912854,766.319280008163,198.89321666862,419.96966685418,97.4680212803496,384.605502796296,97.4680212803496,389.389255239703,545.365946167743,97.4680212803496,0,97.4680212803496,97.4680212803496,97.4240001351208,2082.00328936728,2290.43615253021,1481.90064224396,1481.90064224396,1481.90064224396,1481.90064224396,1858.07334909861,1481.90064224396,1846.98904432862,1481.90064224396,1481.90064224396,1481.90064224396,1320.69826723945,1481.90064224396,1481.90064224396,1481.90064224396,1383.25230052143,1320.69826723945,1481.90064224396,1973.96419706117,1980.4943129934,1973.96419706117,2082.00328936728,2007.23597681436,2082.00328936728,2082.00328936728,2007.23597681436,2082.00328936728,2007.23597681436,2117.49406605453,2117.41409512253,1976.2368314866,2007.23597681436,2117.49406605453,2117.49406605453,2117.49406605453,2007.23597681436,2117.41409512253,1976.2368314866
"ITBA022213",446.556567490844,514.950356193625,662.350166904646,37.7611418521567,291.023934388594,150.822576656517,129.29774500692,662.350166904646,284.912957906905,513.590935929275,0,286.279983680469,0,291.023934388594,446.556567490844,0,97.4680212803496,0,0,0.0437955651261876,1966.65094082708,2173.59884193358,1373.39693496059,1373.39693496059,1373.39693496059,1373.39693496059,1745.84434064638,1373.39693496059,1734.85275694805,1373.39693496059,1373.39693496059,1373.39693496059,1212.43872556794,1373.39693496059,1373.39693496059,1373.39693496059,1275.72837692632,1212.43872556794,1373.39693496059,1861.04037400176,1867.50255462194,1861.04037400176,1966.65094082708,1892.53968910294,1966.65094082708,1966.65094082708,1892.53968910294,1966.65094082708,1892.53968910294,2001.91190685476,2001.83208875848,1861.88529570083,1892.53968910294,2001.91190685476,2001.91190685476,2001.91190685476,1892.53968910294,2001.83208875848,1861.88529570083
"ITBA022218",446.556567490844,514.950356193625,662.350166904646,37.7611418521567,291.023934388594,150.822576656517,129.29774500692,662.350166904646,284.912957906905,513.590935929275,0,286.279983680469,0,291.023934388594,446.556567490844,0,97.4680212803496,0,0,0.0437955651261876,1966.65094082708,2173.59884193358,1373.39693496059,1373.39693496059,1373.39693496059,1373.39693496059,1745.84434064638,1373.39693496059,1734.85275694805,1373.39693496059,1373.39693496059,1373.39693496059,1212.43872556794,1373.39693496059,1373.39693496059,1373.39693496059,1275.72837692632,1212.43872556794,1373.39693496059,1861.04037400176,1867.50255462194,1861.04037400176,1966.65094082708,1892.53968910294,1966.65094082708,1966.65094082708,1892.53968910294,1966.65094082708,1892.53968910294,2001.91190685476,2001.83208875848,1861.88529570083,1892.53968910294,2001.91190685476,2001.91190685476,2001.91190685476,1892.53968910294,2001.83208875848,1861.88529570083
"ITBA062301",446.599856690685,514.907124539398,662.395422477786,37.7202637114168,291.067427273802,150.781174743028,129.256357713589,662.395422477786,284.873583932883,513.547701650197,0.0437955651261876,286.323469987701,0.0437955651261876,291.067427273802,446.599856690685,0.0437955651261876,97.4240001351208,0.0437955651261876,0.0437955651261876,0,1966.69858562199,2173.64668359697,1373.44250789304,1373.44250789304,1373.44250789304,1373.44250789304,1745.89082535736,1373.44250789304,1734.89922441138,1373.44250789304,1373.44250789304,1373.44250789304,1212.48467309577,1373.44250789304,1373.44250789304,1373.44250789304,1275.773718042,1212.48467309577,1373.44250789304,1861.08686553691,1867.54906456243,1861.08686553691,1966.69858562199,1892.5871829794,1966.69858562199,1966.69858562199,1892.5871829794,1966.69858562199,1892.5871829794,2001.95957074542,2001.87975284453,1861.9326816372,1892.5871829794,2001.95957074542,2001.95957074542,2001.95957074542,1892.5871829794,2001.87975284453,1861.9326816372
"ESAN032208",1456.97963594625,2502.73418278436,1309.14225742367,1885.21204564595,1636.28433583292,2031.40860412807,2007.17824463179,1309.14225742367,2095.47254143,2501.36515584835,1966.65094082708,1641.18573328708,1966.65094082708,1636.28433583292,1456.97963594625,1966.65094082708,2082.00328936728,1966.65094082708,1966.65094082708,1966.69858562199,0,216.660782824658,545.910913973294,545.910913973294,545.910913973294,545.910913973294,182.201045016362,545.910913973294,193.406985034762,545.910913973294,545.910913973294,545.910913973294,740.724595296108,545.910913973294,545.910913973294,545.910913973294,641.911230330766,740.724595296108,545.910913973294,55.6968798357772,49.5348997303051,55.6968798357772,0,73.3473299689024,0,0,73.3473299689024,0,73.3473299689024,37.6630546622475,37.5651881583829,101.335780245255,73.3473299689024,37.6630546622475,37.6630546622475,37.6630546622475,73.3473299689024,37.5651881583829,101.335780245255
"PTOD042301",1659.4254070869,2709.33887990304,1520.02452851298,2078.70375087368,1840.45743048877,2227.91226400781,2203.50711319616,1520.02452851298,2283.28079626528,2707.97599364777,2173.59884193358,1845.35024085913,2173.59884193358,1840.45743048877,1659.4254070869,2173.59884193358,2290.43615253021,2173.59884193358,2173.59884193358,2173.64668359697,216.660782824658,0,754.929309342909,754.929309342909,754.929309342909,754.929309342909,393.965884682649,754.929309342909,405.139246943268,754.929309342909,754.929309342909,754.929309342909,952.416242893213,754.929309342909,754.929309342909,754.929309342909,850.259363844102,952.416242893213,754.929309342909,266.902342119564,260.802098327988,266.902342119564,216.660782824658,289.588710585883,216.660782824658,216.660782824658,289.588710585883,216.660782824658,289.588710585883,178.923125481217,179.022406475332,317.16887468907,289.588710585883,178.923125481217,178.923125481217,178.923125481217,289.588710585883,179.022406475332,317.16887468907
"ESCT062211",891.511424153268,1891.17280802526,731.238798548059,1320.43138031986,1060.50063178328,1455.15109696883,1432.20256256075,731.238798548059,1532.19904731961,1889.84123602384,1373.39693496059,1065.23633370917,1373.39693496059,1060.50063178328,891.511424153268,1373.39693496059,1481.90064224396,1373.39693496059,1373.39693496059,1373.44250789304,545.910913973294,754.929309342909,0,0,0,0,357.208917095655,0,346.330398735761,0,0,0,181.191212387548,0,0,0,94.0502507310073,181.191212387548,0,477.539912283908,483.637370323604,477.539912283908,545.910913973294,474.009576239474,545.910913973294,545.910913973294,474.009576239474,545.910913973294,474.009576239474,582.048051194263,581.957481668829,445.915934419712,474.009576239474,582.048051194263,582.048051194263,582.048051194263,474.009576239474,581.957481668829,445.915934419712
"ESCT052302",891.511424153268,1891.17280802526,731.238798548059,1320.43138031986,1060.50063178328,1455.15109696883,1432.20256256075,731.238798548059,1532.19904731961,1889.84123602384,1373.39693496059,1065.23633370917,1373.39693496059,1060.50063178328,891.511424153268,1373.39693496059,1481.90064224396,1373.39693496059,1373.39693496059,1373.44250789304,545.910913973294,754.929309342909,0,0,0,0,357.208917095655,0,346.330398735761,0,0,0,181.191212387548,0,0,0,94.0502507310073,181.191212387548,0,477.539912283908,483.637370323604,477.539912283908,545.910913973294,474.009576239474,545.910913973294,545.910913973294,474.009576239474,545.910913973294,474.009576239474,582.048051194263,581.957481668829,445.915934419712,474.009576239474,582.048051194263,582.048051194263,582.048051194263,474.009576239474,581.957481668829,445.915934419712
"ESCT062217",891.511424153268,1891.17280802526,731.238798548059,1320.43138031986,1060.50063178328,1455.15109696883,1432.20256256075,731.238798548059,1532.19904731961,1889.84123602384,1373.39693496059,1065.23633370917,1373.39693496059,1060.50063178328,891.511424153268,1373.39693496059,1481.90064224396,1373.39693496059,1373.39693496059,1373.44250789304,545.910913973294,754.929309342909,0,0,0,0,357.208917095655,0,346.330398735761,0,0,0,181.191212387548,0,0,0,94.0502507310073,181.191212387548,0,477.539912283908,483.637370323604,477.539912283908,545.910913973294,474.009576239474,545.910913973294,545.910913973294,474.009576239474,545.910913973294,474.009576239474,582.048051194263,581.957481668829,445.915934419712,474.009576239474,582.048051194263,582.048051194263,582.048051194263,474.009576239474,581.957481668829,445.915934419712
"ESCT062219",891.511424153268,1891.17280802526,731.238798548059,1320.43138031986,1060.50063178328,1455.15109696883,1432.20256256075,731.238798548059,1532.19904731961,1889.84123602384,1373.39693496059,1065.23633370917,1373.39693496059,1060.50063178328,891.511424153268,1373.39693496059,1481.90064224396,1373.39693496059,1373.39693496059,1373.44250789304,545.910913973294,754.929309342909,0,0,0,0,357.208917095655,0,346.330398735761,0,0,0,181.191212387548,0,0,0,94.0502507310073,181.191212387548,0,477.539912283908,483.637370323604,477.539912283908,545.910913973294,474.009576239474,545.910913973294,545.910913973294,474.009576239474,545.910913973294,474.009576239474,582.048051194263,581.957481668829,445.915934419712,474.009576239474,582.048051194263,582.048051194263,582.048051194263,474.009576239474,581.957481668829,445.915934419712
"ESMD052202",1250.1564376862,2269.90388716178,1101.52295740376,1671.23623428591,1424.31479275977,1812.62321960395,1789.06681626966,1101.52295740376,1877.65305509235,2268.5640941434,1745.84434064638,1429.1026673115,1745.84434064638,1424.31479275977,1250.1564376862,1745.84434064638,1858.07334909861,1745.84434064638,1745.84434064638,1745.89082535736,182.201045016362,393.965884682649,357.208917095655,357.208917095655,357.208917095655,357.208917095655,0,357.208917095655,10.9684007073794,357.208917095655,357.208917095655,357.208917095655,545.565204052681,357.208917095655,357.208917095655,357.208917095655,451.389703187509,545.565204052681,357.208917095655,123.022900721679,129.091073290643,123.022900721679,182.201045016362,110.137200850829,182.201045016362,182.201045016362,110.137200850829,182.201045016362,110.137200850829,218.950106904101,218.855710527901,82.4290306792607,110.137200850829,218.950106904101,218.950106904101,218.950106904101,110.137200850829,218.855710527901,82.4290306792607
"ESCT052202",891.511424153268,1891.17280802526,731.238798548059,1320.43138031986,1060.50063178328,1455.15109696883,1432.20256256075,731.238798548059,1532.19904731961,1889.84123602384,1373.39693496059,1065.23633370917,1373.39693496059,1060.50063178328,891.511424153268,1373.39693496059,1481.90064224396,1373.39693496059,1373.39693496059,1373.44250789304,545.910913973294,754.929309342909,0,0,0,0,357.208917095655,0,346.330398735761,0,0,0,181.191212387548,0,0,0,94.0502507310073,181.191212387548,0,477.539912283908,483.637370323604,477.539912283908,545.910913973294,474.009576239474,545.910913973294,545.910913973294,474.009576239474,545.910913973294,474.009576239474,582.048051194263,581.957481668829,445.915934419712,474.009576239474,582.048051194263,582.048051194263,582.048051194263,474.009576239474,581.957481668829,445.915934419712
"ESMD052201",1239.47569266713,2258.84901980684,1090.42834168418,1660.9406560119,1413.51628992816,1802.15029328692,1778.60680578829,1090.42834168418,1867.60613806142,2257.50912354714,1734.85275694805,1418.30382597321,1734.85275694805,1413.51628992816,1239.47569266713,1734.85275694805,1846.98904432862,1734.85275694805,1734.85275694805,1734.89922441138,193.406985034762,405.139246943268,346.330398735761,346.330398735761,346.330398735761,346.330398735761,10.9684007073794,346.330398735761,0,346.330398735761,346.330398735761,346.330398735761,534.514190920138,346.330398735761,346.330398735761,346.330398735761,440.531560258325,534.514190920138,346.330398735761,133.941042259782,140.01158338736,133.941042259782,193.406985034762,121.331317187095,193.406985034762,193.406985034762,121.331317187095,193.406985034762,121.331317187095,230.146342662243,230.052038057399,93.6051900876274,121.331317187095,230.146342662243,230.146342662243,230.146342662243,121.331317187095,230.052038057399,93.6051900876274
"ESCT062216",891.511424153268,1891.17280802526,731.238798548059,1320.43138031986,1060.50063178328,1455.15109696883,1432.20256256075,731.238798548059,1532.19904731961,1889.84123602384,1373.39693496059,1065.23633370917,1373.39693496059,1060.50063178328,891.511424153268,1373.39693496059,1481.90064224396,1373.39693496059,1373.39693496059,1373.44250789304,545.910913973294,754.929309342909,0,0,0,0,357.208917095655,0,346.330398735761,0,0,0,181.191212387548,0,0,0,94.0502507310073,181.191212387548,0,477.539912283908,483.637370323604,477.539912283908,545.910913973294,474.009576239474,545.910913973294,545.910913973294,474.009576239474,545.910913973294,474.009576239474,582.048051194263,581.957481668829,445.915934419712,474.009576239474,582.048051194263,582.048051194263,582.048051194263,474.009576239474,581.957481668829,445.915934419712
"ESCT062224",891.511424153268,1891.17280802526,731.238798548059,1320.43138031986,1060.50063178328,1455.15109696883,1432.20256256075,731.238798548059,1532.19904731961,1889.84123602384,1373.39693496059,1065.23633370917,1373.39693496059,1060.50063178328,891.511424153268,1373.39693496059,1481.90064224396,1373.39693496059,1373.39693496059,1373.44250789304,545.910913973294,754.929309342909,0,0,0,0,357.208917095655,0,346.330398735761,0,0,0,181.191212387548,0,0,0,94.0502507310073,181.191212387548,0,477.539912283908,483.637370323604,477.539912283908,545.910913973294,474.009576239474,545.910913973294,545.910913973294,474.009576239474,545.910913973294,474.009576239474,582.048051194263,581.957481668829,445.915934419712,474.009576239474,582.048051194263,582.048051194263,582.048051194263,474.009576239474,581.957481668829,445.915934419712
"ESCT062226",891.511424153268,1891.17280802526,731.238798548059,1320.43138031986,1060.50063178328,1455.15109696883,1432.20256256075,731.238798548059,1532.19904731961,1889.84123602384,1373.39693496059,1065.23633370917,1373.39693496059,1060.50063178328,891.511424153268,1373.39693496059,1481.90064224396,1373.39693496059,1373.39693496059,1373.44250789304,545.910913973294,754.929309342909,0,0,0,0,357.208917095655,0,346.330398735761,0,0,0,181.191212387548,0,0,0,94.0502507310073,181.191212387548,0,477.539912283908,483.637370323604,477.539912283908,545.910913973294,474.009576239474,545.910913973294,545.910913973294,474.009576239474,545.910913973294,474.009576239474,582.048051194263,581.957481668829,445.915934419712,474.009576239474,582.048051194263,582.048051194263,582.048051194263,474.009576239474,581.957481668829,445.915934419712
"ESMA052301",728.847150371033,1737.22827053045,557.91340462398,1173.43599923748,898.368591670862,1306.81142145145,1283.72594101956,557.91340462398,1394.76622228844,1735.87268558834,1212.43872556794,903.177453009204,1212.43872556794,898.368591670862,728.847150371033,1212.43872556794,1320.69826723945,1212.43872556794,1212.43872556794,1212.48467309577,740.724595296108,952.416242893213,181.191212387548,181.191212387548,181.191212387548,181.191212387548,545.565204052681,181.191212387548,534.514190920138,181.191212387548,181.191212387548,181.191212387548,0,181.191212387548,181.191212387548,181.191212387548,85.2659918558456,0,181.191212387548,667.056255571098,673.286305837506,667.056255571098,740.724595296108,667.569239946711,740.724595296108,740.724595296108,667.569239946711,740.724595296108,667.569239946711,777.26243617475,777.171837661418,638.784143130978,667.569239946711,777.26243617475,777.26243617475,777.26243617475,667.569239946711,777.171837661418,638.784143130978
"ESCT062221",891.511424153268,1891.17280802526,731.238798548059,1320.43138031986,1060.50063178328,1455.15109696883,1432.20256256075,731.238798548059,1532.19904731961,1889.84123602384,1373.39693496059,1065.23633370917,1373.39693496059,1060.50063178328,891.511424153268,1373.39693496059,1481.90064224396,1373.39693496059,1373.39693496059,1373.44250789304,545.910913973294,754.929309342909,0,0,0,0,357.208917095655,0,346.330398735761,0,0,0,181.191212387548,0,0,0,94.0502507310073,181.191212387548,0,477.539912283908,483.637370323604,477.539912283908,545.910913973294,474.009576239474,545.910913973294,545.910913973294,474.009576239474,545.910913973294,474.009576239474,582.048051194263,581.957481668829,445.915934419712,474.009576239474,582.048051194263,582.048051194263,582.048051194263,474.009576239474,581.957481668829,445.915934419712
"ESCT052307",891.511424153268,1891.17280802526,731.238798548059,1320.43138031986,1060.50063178328,1455.15109696883,1432.20256256075,731.238798548059,1532.19904731961,1889.84123602384,1373.39693496059,1065.23633370917,1373.39693496059,1060.50063178328,891.511424153268,1373.39693496059,1481.90064224396,1373.39693496059,1373.39693496059,1373.44250789304,545.910913973294,754.929309342909,0,0,0,0,357.208917095655,0,346.330398735761,0,0,0,181.191212387548,0,0,0,94.0502507310073,181.191212387548,0,477.539912283908,483.637370323604,477.539912283908,545.910913973294,474.009576239474,545.910913973294,545.910913973294,474.009576239474,545.910913973294,474.009576239474,582.048051194263,581.957481668829,445.915934419712,474.009576239474,582.048051194263,582.048051194263,582.048051194263,474.009576239474,581.957481668829,445.915934419712
"ESCT052309",891.511424153268,1891.17280802526,731.238798548059,1320.43138031986,1060.50063178328,1455.15109696883,1432.20256256075,731.238798548059,1532.19904731961,1889.84123602384,1373.39693496059,1065.23633370917,1373.39693496059,1060.50063178328,891.511424153268,1373.39693496059,1481.90064224396,1373.39693496059,1373.39693496059,1373.44250789304,545.910913973294,754.929309342909,0,0,0,0,357.208917095655,0,346.330398735761,0,0,0,181.191212387548,0,0,0,94.0502507310073,181.191212387548,0,477.539912283908,483.637370323604,477.539912283908,545.910913973294,474.009576239474,545.910913973294,545.910913973294,474.009576239474,545.910913973294,474.009576239474,582.048051194263,581.957481668829,445.915934419712,474.009576239474,582.048051194263,582.048051194263,582.048051194263,474.009576239474,581.957481668829,445.915934419712
"ESCT052207",797.422858579922,1791.98765614644,633.910202137516,1228.67657378256,965.06978018945,1361.62964149159,1338.83749966958,633.910202137516,1442.01484336393,1790.65779633294,1275.72837692632,969.793168014031,1275.72837692632,965.06978018945,797.422858579922,1275.72837692632,1383.25230052143,1275.72837692632,1275.72837692632,1275.773718042,641.911230330766,850.259363844102,94.0502507310073,94.0502507310073,94.0502507310073,94.0502507310073,451.389703187509,94.0502507310073,440.531560258325,94.0502507310073,94.0502507310073,94.0502507310073,85.2659918558456,94.0502507310073,94.0502507310073,94.0502507310073,0,85.2659918558456,94.0502507310073,571.037519649474,577.145053023117,571.037519649474,641.911230330766,570.029517930092,641.911230330766,641.911230330766,570.029517930092,641.911230330766,570.029517930092,677.89546130929,677.805893288401,541.822304153457,570.029517930092,677.89546130929,677.89546130929,677.89546130929,570.029517930092,677.805893288401,541.822304153457
"ESMA052302",728.847150371033,1737.22827053045,557.91340462398,1173.43599923748,898.368591670862,1306.81142145145,1283.72594101956,557.91340462398,1394.76622228844,1735.87268558834,1212.43872556794,903.177453009204,1212.43872556794,898.368591670862,728.847150371033,1212.43872556794,1320.69826723945,1212.43872556794,1212.43872556794,1212.48467309577,740.724595296108,952.416242893213,181.191212387548,181.191212387548,181.191212387548,181.191212387548,545.565204052681,181.191212387548,534.514190920138,181.191212387548,181.191212387548,181.191212387548,0,181.191212387548,181.191212387548,181.191212387548,85.2659918558456,0,181.191212387548,667.056255571098,673.286305837506,667.056255571098,740.724595296108,667.569239946711,740.724595296108,740.724595296108,667.569239946711,740.724595296108,667.569239946711,777.26243617475,777.171837661418,638.784143130978,667.569239946711,777.26243617475,777.26243617475,777.26243617475,667.569239946711,777.171837661418,638.784143130978
"ESCT062210",891.511424153268,1891.17280802526,731.238798548059,1320.43138031986,1060.50063178328,1455.15109696883,1432.20256256075,731.238798548059,1532.19904731961,1889.84123602384,1373.39693496059,1065.23633370917,1373.39693496059,1060.50063178328,891.511424153268,1373.39693496059,1481.90064224396,1373.39693496059,1373.39693496059,1373.44250789304,545.910913973294,754.929309342909,0,0,0,0,357.208917095655,0,346.330398735761,0,0,0,181.191212387548,0,0,0,94.0502507310073,181.191212387548,0,477.539912283908,483.637370323604,477.539912283908,545.910913973294,474.009576239474,545.910913973294,545.910913973294,474.009576239474,545.910913973294,474.009576239474,582.048051194263,581.957481668829,445.915934419712,474.009576239474,582.048051194263,582.048051194263,582.048051194263,474.009576239474,581.957481668829,445.915934419712
"ESSA052201",1363.7622519703,2383.48197701293,1221.0155691715,1777.6989294645,1538.55567170534,1920.66388282805,1897.06091318528,1221.0155691715,1979.66984720766,2382.1498749664,1861.04037400176,1543.32450503817,1861.04037400176,1538.55567170534,1363.7622519703,1861.04037400176,1973.96419706117,1861.04037400176,1861.04037400176,1861.08686553691,55.6968798357772,266.902342119564,477.539912283908,477.539912283908,477.539912283908,477.539912283908,123.022900721679,477.539912283908,133.941042259782,477.539912283908,477.539912283908,477.539912283908,667.056255571098,477.539912283908,477.539912283908,477.539912283908,571.037519649474,667.056255571098,477.539912283908,0,6.01361495156512,0,55.6968798357772,15.9218206052752,55.6968798357772,55.6968798357772,15.9218206052752,55.6968798357772,15.9218206052752,92.3946008074037,92.2995941714648,43.3074545951993,15.9218206052752,92.3946008074037,92.3946008074037,92.3946008074037,15.9218206052752,92.2995941714648,43.3074545951993
"ESSA062301",1369.96191209768,2390.08911453596,1227.38714247818,1783.81705777634,1544.8532378361,1926.90015497252,1903.28536063701,1227.38714247818,1985.72754270025,2388.75676217453,1867.50255462194,1549.62333582074,1867.50255462194,1544.8532378361,1369.96191209768,1867.50255462194,1980.4943129934,1867.50255462194,1867.50255462194,1867.54906456243,49.5348997303051,260.802098327988,483.637370323604,483.637370323604,483.637370323604,483.637370323604,129.091073290643,483.637370323604,140.01158338736,483.637370323604,483.637370323604,483.637370323604,673.286305837506,483.637370323604,483.637370323604,483.637370323604,577.145053023117,673.286305837506,483.637370323604,6.01361495156512,0,6.01361495156512,49.5348997303051,22.0919451591788,49.5348997303051,49.5348997303051,22.0919451591788,49.5348997303051,22.0919451591788,86.2455768847519,86.1504993750354,49.473285322581,22.0919451591788,86.2455768847519,86.2455768847519,86.2455768847519,22.0919451591788,86.1504993750354,49.473285322581
